step,mean_belief,polarization_var,share_extremes,assortativity,regime,weak_tie_fraction,weak_edge_disagreement,strong_edge_disagreement,inter_cluster_gap,weak_tie_activations,strong_tie_activations,weak_activation_share,adoption_share
0,0.3969182767129413,0.0648462284883249,0.05,0.010422842280403008,echo,0.09693877551020408,0.31480819482196254,0.29737206540620725,0.06231697804142722,0,0,,0.4
1,0.39115544528299667,0.05274305125981758,0.02,0.10398171391252893,echo,0.09693877551020408,0.2768243347260246,0.24182460153231136,0.06225076358448067,22,210,0.09482758620689655,0.37
2,0.3895524583876916,0.0425403372053274,0.02,0.15324612984519403,echo,0.09693877551020408,0.2501802416727767,0.19709755033503504,0.055376368680040755,24,247,0.08856088560885608,0.37
3,0.39008882626518543,0.034942893448307664,0.02,0.14416850671099324,echo,0.09693877551020408,0.219516200557897,0.16352674726631483,0.052926051181327094,29,268,0.09764309764309764,0.33
4,0.38835244137985564,0.02907729756270044,0.02,0.18262948650226574,echo,0.09693877551020408,0.184057178250198,0.1366653351878817,0.049773495593811834,30,286,0.0949367088607595,0.27
5,0.38930098906720495,0.023571418076032993,0.02,0.2352320337736273,echo,0.09693877551020408,0.15436010157465993,0.11297493154258385,0.04532512051830451,31,299,0.09393939393939393,0.2
6,0.3888036541943618,0.019472960925262458,0.02,0.275999865677155,echo,0.09693877551020408,0.13454887952788966,0.09475042000640675,0.038394381854648996,31,308,0.09144542772861357,0.19
7,0.3867050315636419,0.015631910322789575,0.02,0.316378433367243,echo,0.09693877551020408,0.1139320291423437,0.07759225116724816,0.02683163439505276,32,321,0.0906515580736544,0.13
8,0.3853136732997382,0.012630403190631422,0.02,0.32322474102987536,echo,0.09693877551020408,0.0923466667791324,0.06384344673066977,0.019583660816642423,34,327,0.09418282548476455,0.09
9,0.386578267335997,0.009641528305302745,0.02,0.3264873936148957,echo,0.09693877551020408,0.07396756655343129,0.05051416003585721,0.017747535784402635,36,339,0.096,0.08
10,0.386943565003683,0.007918414939474441,0.02,0.3094075602758342,echo,0.09693877551020408,0.06053912742325788,0.04085744689603942,0.015809641351723358,38,342,0.1,0.05
11,0.3870304719608566,0.006814191365320591,0.02,0.3307823629834577,echo,0.09693877551020408,0.04835651814550018,0.034275654427782146,0.0147031499388392,38,344,0.09947643979057591,0.03
12,0.3870307757782526,0.006153184266291792,0.02,0.32599724896836363,echo,0.09693877551020408,0.04037484926532383,0.029698087252820835,0.013954286135624938,38,344,0.09947643979057591,0.02
13,0.38719063839272755,0.005697573903422252,0.02,0.2991436905994171,echo,0.09693877551020408,0.034064548502999024,0.02607041072518926,0.014017605571690517,38,344,0.09947643979057591,0.02
14,0.38717881822509914,0.005397949315449833,0.02,0.2070950676832122,echo,0.09693877551020408,0.029326406215132467,0.023314404312706656,0.014103179494268814,38,344,0.09947643979057591,0.02
15,0.38720017558957354,0.005179208624828734,0.02,0.26481620405101247,echo,0.09693877551020408,0.025579680550065792,0.021007268797613513,0.01433056202402705,38,344,0.09947643979057591,0.02
16,0.38730001799325753,0.005018065067637849,0.02,-0.013668267454749023,echo,0.09693877551020408,0.022119945669597657,0.019234292050552333,0.015057926507264507,38,344,0.09947643979057591,0.02
17,0.3873944584570384,0.004898325813344824,0.02,-0.010830324909749897,echo,0.09693877551020408,0.01940619923494576,0.01783981871894421,0.015366354788027614,38,344,0.09947643979057591,0.02
18,0.3873499826554263,0.004811395812862326,0.02,-0.010309278350515804,echo,0.09693877551020408,0.017167487815194643,0.016683996911869642,0.01546311429938263,38,344,0.09947643979057591,0.02
19,0.38733455141878836,0.0047439265960230615,0.02,-0.010309278350515804,echo,0.09693877551020408,0.015218273686911293,0.015725572740852397,0.015583333894874318,38,344,0.09947643979057591,0.02
20,0.38733125766409093,0.004695940238771426,0.02,-0.010309278350515804,echo,0.09693877551020408,0.013581505912236037,0.01491678355182423,0.015761892768899444,38,344,0.09947643979057591,0.02
21,0.3873240634985286,0.004657554502802781,0.02,-0.010309278350515804,echo,0.09693877551020408,0.012198691198755574,0.014248713515173669,0.015840096985383467,38,344,0.09947643979057591,0.02
22,0.3873442767378002,0.004628574516389086,0.02,-0.010309278350515804,echo,0.09693877551020408,0.010863357353747268,0.013705414507803791,0.015925040754633024,38,344,0.09947643979057591,0.02
23,0.3873282218419583,0.004605554502929907,0.02,-0.010309278350515804,echo,0.09693877551020408,0.009795798754344092,0.013207941915926372,0.01590778723386832,38,344,0.09947643979057591,0.02
24,0.3873208167434195,0.004588602796744351,0.02,-0.010309278350515804,echo,0.09693877551020408,0.008903653781682,0.012808841611186552,0.015897034385512765,38,344,0.09947643979057591,0.02
25,0.3872832376597352,0.004575091692200849,0.02,-0.010309278350515804,echo,0.09693877551020408,0.008070846651296289,0.012476983181752534,0.01581084975667113,38,344,0.09947643979057591,0.02
26,0.38726249749700176,0.004564518904993487,0.02,-0.010309278350515804,echo,0.09693877551020408,0.007266830733561459,0.01218590024156581,0.01574720323378992,38,344,0.09947643979057591,0.02
27,0.38725199605314836,0.004556198969518252,0.02,-0.010309278350515804,echo,0.09693877551020408,0.006556075395300906,0.01192913632189282,0.015707135977774456,38,344,0.09947643979057591,0.02
28,0.38725110719583694,0.0045494224828634,0.02,-0.010309278350515804,echo,0.09693877551020408,0.00595222781247093,0.011700922306717172,0.015649042790511825,38,344,0.09947643979057591,0.02
29,0.3872454266983782,0.004544174990547725,0.02,-0.010309278350515804,echo,0.09693877551020408,0.005444633510939778,0.011499758796077534,0.015605646020352748,38,344,0.09947643979057591,0.02
30,0.38722025820121075,0.004539991778262809,0.02,-0.010309278350515804,echo,0.09693877551020408,0.004965190387322998,0.011313649836326795,0.015562368756864897,38,344,0.09947643979057591,0.02
31,0.3871961697118823,0.004536547255459722,0.02,-0.010309278350515804,echo,0.09693877551020408,0.004566198326496851,0.01116684119278822,0.015482353454160769,38,344,0.09947643979057591,0.02
32,0.3871853302094382,0.004533929859845208,0.02,-0.010309278350515804,echo,0.09693877551020408,0.004204565953771363,0.011028078750246115,0.015426702621373634,38,344,0.09947643979057591,0.02
33,0.38716857466611493,0.004531600415858561,0.02,-0.010309278350515804,echo,0.09693877551020408,0.0038605665467713077,0.010922835822191012,0.015354920432273544,38,344,0.09947643979057591,0.02
34,0.3871529724247824,0.0045298128027752085,0.02,-0.010309278350515804,echo,0.09693877551020408,0.003536155020995004,0.010822982501297972,0.01528152250544823,38,344,0.09947643979057591,0.02
35,0.3871452620285819,0.004528231129414822,0.02,-0.010309278350515804,echo,0.09693877551020408,0.0032530371779534556,0.01073469300597492,0.015213293423650964,38,344,0.09947643979057591,0.02
36,0.3871341085435232,0.004526897810463465,0.02,-0.010309278350515804,echo,0.09693877551020408,0.0030254421479556544,0.010654994359114088,0.015146371435046546,38,344,0.09947643979057591,0.02
37,0.3871267922689164,0.004525761527810036,0.02,-0.010309278350515804,echo,0.09693877551020408,0.0027920563924847016,0.010587941652025175,0.015089284519676671,38,344,0.09947643979057591,0.02
38,0.3871213721895512,0.004524839143385399,0.02,-0.010309278350515804,echo,0.09693877551020408,0.0025873694334740873,0.010526305516409038,0.015024445086212201,38,344,0.09947643979057591,0.02
39,0.38711314767058463,0.004524083467420579,0.02,-0.010309278350515804,echo,0.09693877551020408,0.0024255857835405238,0.01046858841462963,0.014956905661570263,38,344,0.09947643979057591,0.02
40,0.38710371757134737,0.004523379289966015,0.02,-0.010309278350515804,echo,0.09693877551020408,0.0022622187813065428,0.01042416891018891,0.014897998057214978,38,344,0.09947643979057591,0.02
41,0.3870949648376395,0.004522806088849471,0.02,-0.010309278350515804,echo,0.09693877551020408,0.002107289409420875,0.01038374990632542,0.014837252710695026,38,344,0.09947643979057591,0.02
42,0.38708327871971787,0.004522307235090423,0.02,-0.010309278350515804,echo,0.09693877551020408,0.001979140157399318,0.010347410794101095,0.014770170964440221,38,344,0.09947643979057591,0.02
43,0.38707474161841426,0.004521856269283373,0.02,-0.010309278350515804,echo,0.09693877551020408,0.001862085292978003,0.010315080180296511,0.014706927334705966,38,344,0.09947643979057591,0.02
44,0.38706718551478786,0.004521469452259128,0.02,-0.010309278350515804,echo,0.09693877551020408,0.0017529351799354343,0.010287354394032446,0.014644129632303993,38,344,0.09947643979057591,0.02
45,0.3870603424458458,0.004521130002309088,0.02,-0.010309278350515804,echo,0.09693877551020408,0.001653218499176525,0.010263587481252473,0.014583292635279299,38,344,0.09947643979057591,0.02
46,0.38705265225267416,0.004520830797051441,0.02,-0.010309278350515804,echo,0.09693877551020408,0.001566157282380079,0.010240540804680048,0.014525921740693892,38,344,0.09947643979057591,0.02
47,0.38704602202974536,0.004520547618116847,0.02,-0.010309278350515804,echo,0.09693877551020408,0.0014924227299983473,0.010220553808422123,0.014469485651656289,38,344,0.09947643979057591,0.02
48,0.3870386660514201,0.004520300290305225,0.02,-0.010309278350515804,echo,0.09693877551020408,0.0014098393512133745,0.010203784266040732,0.014416818038325008,38,344,0.09947643979057591,0.02
49,0.3870327269502954,0.004520063900739538,0.02,-0.010309278350515804,echo,0.09693877551020408,0.001341053182651977,0.010187943053515622,0.014361775693997825,38,344,0.09947643979057591,0.02
50,0.38702397452957116,0.004519878012212939,0.02,-0.010309278350515804,echo,0.09693877551020408,0.001274151887888489,0.010174200163460502,0.014311458126302468,38,344,0.09947643979057591,0.02
51,0.38701771589486916,0.004519690483319792,0.02,-0.010309278350515804,echo,0.09693877551020408,0.0012125196392571644,0.010161135515837071,0.014259107808121452,38,344,0.09947643979057591,0.02
52,0.3870125650575754,0.0045195212325048265,0.02,-0.010309278350515804,echo,0.09693877551020408,0.0011562980209411174,0.010149389729922456,0.014207048054027005,38,344,0.09947643979057591,0.02
53,0.38700815449843673,0.004519365381781133,0.02,-0.010309278350515804,echo,0.09693877551020408,0.001107705215580039,0.010135563164248922,0.01415755096063398,38,344,0.09947643979057591,0.02
54,0.3870028422752444,0.004519226729021727,0.02,-0.010309278350515804,echo,0.09693877551020408,0.00105723903458768,0.010123756687794529,0.014108771405332288,38,344,0.09947643979057591,0.02
55,0.38699727719382987,0.0045191003328305945,0.02,-0.010309278350515804,echo,0.09693877551020408,0.0010152748487311806,0.010113305754799688,0.014061705465188201,38,344,0.09947643979057591,0.02
56,0.3869914649179538,0.004518988513739791,0.02,-0.010309278350515804,echo,0.09693877551020408,0.0009718510095006461,0.010103082605671545,0.014015952242871776,38,344,0.09947643979057591,0.02
57,0.386986623052618,0.0045188824308594715,0.02,-0.010309278350515804,echo,0.09693877551020408,0.0009290827262796087,0.010093484829054814,0.013970503584086524,38,344,0.09947643979057591,0.02
58,0.38698258824146575,0.0045187834516846655,0.02,-0.010309278350515804,echo,0.09693877551020408,0.0008938233412564687,0.010084009626528941,0.013925533101830867,38,344,0.09947643979057591,0.02
59,0.38697857065914393,0.00451869622374303,0.02,-0.010309278350515804,echo,0.09693877551020408,0.0008592591453227432,0.010076635284582667,0.01388267312707242,38,344,0.09947643979057591,0.02
60,0.38697440511272324,0.004518616428421162,0.02,-0.010309278350515804,echo,0.09693877551020408,0.000824927851046276,0.010067566366822897,0.013842399007677031,38,344,0.09947643979057591,0.02
61,0.3869702207107546,0.004518546260564599,0.02,-0.010309278350515804,echo,0.09693877551020408,0.0007951173088436584,0.01005924865746582,0.01380274941233317,38,344,0.09947643979057591,0.02
62,0.38696697853657336,0.004518475882757379,0.02,-0.010309278350515804,echo,0.09693877551020408,0.0007614856230430444,0.010052246068709697,0.01376311171610628,38,344,0.09947643979057591,0.02
63,0.38696280661330007,0.0045184237781440975,0.02,-0.010309278350515804,echo,0.09693877551020408,0.000733168469690436,0.010045338942339393,0.013727690672195814,38,344,0.09947643979057591,0.02
64,0.3869589077881347,0.004518372796710949,0.02,-0.010309278350515804,echo,0.09693877551020408,0.0007037704252801545,0.010037750567916259,0.013692028527911293,38,344,0.09947643979057591,0.02
65,0.386954904631507,0.004518328878840878,0.02,-0.010309278350515804,echo,0.09693877551020408,0.0006804682231525592,0.010030422903494839,0.01365660244800454,38,344,0.09947643979057591,0.02
66,0.3869505366201588,0.004518297217586377,0.02,-0.010309278350515804,echo,0.09693877551020408,0.0006527390832447694,0.010023622859888351,0.013623401740555208,38,344,0.09947643979057591,0.02
67,0.3869473621280158,0.00451825592424422,0.02,-0.010309278350515804,echo,0.09693877551020408,0.0006305179141711511,0.010016986084175457,0.013588799977667487,38,344,0.09947643979057591,0.02
68,0.3869437408388022,0.0045182259207371045,0.02,-0.010309278350515804,echo,0.09693877551020408,0.0006092343811300684,0.010011114464698698,0.013557348995985319,38,344,0.09947643979057591,0.02
69,0.3869402045654835,0.004518202300067294,0.02,-0.010309278350515804,echo,0.09693877551020408,0.0005876472211585428,0.01000523931055824,0.013525970952563915,38,344,0.09947643979057591,0.02
70,0.3869364201699392,0.0045181814559765434,0.02,-0.010309278350515804,echo,0.09693877551020408,0.0005679668127883645,0.00999963574626095,0.013494951971381675,38,344,0.09947643979057591,0.02
71,0.3869336921886728,0.004518158177454909,0.02,-0.010309278350515804,echo,0.09693877551020408,0.0005481304765675549,0.009993595830952358,0.013466697515829962,38,344,0.09947643979057591,0.02
72,0.3869304272689622,0.004518141153195498,0.02,-0.010309278350515804,echo,0.09693877551020408,0.0005290822251066082,0.009988182844221618,0.013438279426328192,38,344,0.09947643979057591,0.02
73,0.3869276436374399,0.004518124207007047,0.02,-0.010309278350515804,echo,0.09693877551020408,0.0005122931390375854,0.009982756072314723,0.013410394264975145,38,344,0.09947643979057591,0.02
74,0.38692496689508205,0.00451810633861052,0.02,-0.010309278350515804,echo,0.09693877551020408,0.0004974002370776544,0.009977405710138745,0.013381922725193729,38,344,0.09947643979057591,0.02
75,0.38692198860613713,0.004518096137684757,0.02,-0.010309278350515804,echo,0.09693877551020408,0.00047594424338844103,0.009972535686382102,0.01335413999230145,38,344,0.09947643979057591,0.02
76,0.3869194132700046,0.004518083409167543,0.02,-0.010309278350515804,echo,0.09693877551020408,0.0004612750005033525,0.009968412831316045,0.013328067027496948,38,344,0.09947643979057591,0.02
77,0.38691765867967687,0.00451806677291573,0.02,-0.010309278350515804,echo,0.09693877551020408,0.00044555018996539353,0.009963435440459564,0.013303112324733912,38,344,0.09947643979057591,0.02
78,0.3869154144547858,0.004518056615827643,0.02,-0.010309278350515804,echo,0.09693877551020408,0.0004296164452867705,0.009958975517229662,0.013278418201221831,38,344,0.09947643979057591,0.02
79,0.38691303696663026,0.0045180491514041545,0.02,-0.010309278350515804,echo,0.09693877551020408,0.00041454758775300905,0.009954544289390369,0.01325430837815228,38,344,0.09947643979057591,0.02
80,0.3869101763691534,0.004518049905935262,0.02,-0.010309278350515804,echo,0.09693877551020408,0.00040029382396669205,0.00995030434200789,0.013231663060097598,38,344,0.09947643979057591,0.02
81,0.38690799256662345,0.004518045828467477,0.02,-0.010309278350515804,echo,0.09693877551020408,0.00038701801420505156,0.009946115334136741,0.013209428724932581,38,344,0.09947643979057591,0.02
82,0.3869057044705481,0.004518045058517215,0.02,-0.010309278350515804,echo,0.09693877551020408,0.0003745537191895205,0.009942396464987064,0.013188679275637494,38,344,0.09947643979057591,0.02
83,0.3869030592219267,0.004518050915879302,0.02,-0.010309278350515804,echo,0.09693877551020408,0.00036196016539566243,0.009938654510913447,0.013169350936974633,38,344,0.09947643979057591,0.02
84,0.3869011413055861,0.004518049525856877,0.02,-0.010309278350515804,echo,0.09693877551020408,0.00035031641201257866,0.009934854585973783,0.013149863467517675,38,344,0.09947643979057591,0.02
85,0.3868994262886798,0.004518046535417439,0.02,-0.010309278350515804,echo,0.09693877551020408,0.00033855103359821176,0.00993139634294053,0.013130071542079014,38,344,0.09947643979057591,0.02
86,0.38689740815415896,0.004518050357779226,0.02,-0.010309278350515804,echo,0.09693877551020408,0.0003254177522463328,0.009927913915590426,0.013112044150648705,38,344,0.09947643979057591,0.02
87,0.3868952652509406,0.004518055438457225,0.02,-0.010309278350515804,echo,0.09693877551020408,0.00031504261676082885,0.0099248471205286,0.013094305244697457,38,344,0.09947643979057591,0.02
88,0.3868930858236107,0.004518062037138627,0.02,-0.010309278350515804,echo,0.09693877551020408,0.0003040708164578325,0.009921671138445004,0.013076632762344997,38,344,0.09947643979057591,0.02
89,0.38689191740438017,0.004518059251025456,0.02,-0.010309278350515804,echo,0.09693877551020408,0.0002948758562288086,0.009918481153940192,0.013059321010376101,38,344,0.09947643979057591,0.02
90,0.3868906510005825,0.0045180580414882505,0.02,-0.010309278350515804,echo,0.09693877551020408,0.0002848966708535329,0.0099154066011773,0.01304256779281232,38,344,0.09947643979057591,0.02
91,0.38688914859354356,0.004518060194119944,0.02,-0.010309278350515804,echo,0.09693877551020408,0.0002760997422483334,0.009912537840188723,0.013026171666225772,38,344,0.09947643979057591,0.02
92,0.386887518698847,0.0045180647329163045,0.02,-0.010309278350515804,echo,0.09693877551020408,0.00026663413048389807,0.009909744627589152,0.013010439034189025,38,344,0.09947643979057591,0.02
93,0.3868861397916896,0.004518068215469346,0.02,-0.010309278350515804,echo,0.09693877551020408,0.0002566271315471275,0.009906877267794436,0.012995109854329834,38,344,0.09947643979057591,0.02
94,0.3868847068325241,0.004518072695529886,0.02,-0.010309278350515804,echo,0.09693877551020408,0.00024765108793487655,0.009904239276819935,0.012980455494787935,38,344,0.09947643979057591,0.02
95,0.3868834626796648,0.004518075433387339,0.02,-0.010309278350515804,echo,0.09693877551020408,0.0002390214595344252,0.009901780191992489,0.01296632043111029,38,344,0.09947643979057591,0.02
96,0.38688227124566965,0.004518078962218479,0.02,-0.010309278350515804,echo,0.09693877551020408,0.00023157705999907915,0.009899365030943477,0.012952652793761066,38,344,0.09947643979057591,0.02
97,0.38688096008726736,0.004518083934345779,0.02,-0.010309278350515804,echo,0.09693877551020408,0.00022333637796649816,0.009897037342255518,0.01293934849615308,38,344,0.09947643979057591,0.02
98,0.38687956725871975,0.004518090716240602,0.02,-0.010309278350515804,echo,0.09693877551020408,0.00021523439560296835,0.009894743246152367,0.01292667410270587,38,344,0.09947643979057591,0.02
99,0.38687857760564187,0.004518093835706119,0.02,-0.010309278350515804,echo,0.09693877551020408,0.0002086001416209609,0.009892538656313277,0.012913700919939153,38,344,0.09947643979057591,0.02
100,0.38687766551362723,0.004518096580843808,0.02,-0.010309278350515804,echo,0.09693877551020408,0.0002022034172039003,0.00989033625900558,0.012901169482177788,38,344,0.09947643979057591,0.02
101,0.3868765099408711,0.004518102173535223,0.02,-0.010309278350515804,echo,0.09693877551020408,0.00019521133350106808,0.009888176572149155,0.01288876734455019,38,344,0.09947643979057591,0.02
102,0.3868751952609448,0.004518110287930931,0.02,-0.010309278350515804,echo,0.09693877551020408,0.00018842392875454008,0.009886134051778229,0.012877112193676099,38,344,0.09947643979057591,0.02
103,0.3868743229603372,0.004518114173290915,0.02,-0.010309278350515804,echo,0.09693877551020408,0.0001819602685333637,0.009884237498306393,0.012866062443743997,38,344,0.09947643979057591,0.02
104,0.3868732239734372,0.004518120566664926,0.02,-0.010309278350515804,echo,0.09693877551020408,0.00017536682851126387,0.009882327207626806,0.012855227923971257,38,344,0.09947643979057591,0.02
105,0.38687236589624585,0.004518124956683613,0.02,-0.010309278350515804,echo,0.09693877551020408,0.0001696711112725554,0.009880486715145395,0.012844822598215122,38,344,0.09947643979057591,0.02
106,0.3868715646453126,0.004518128730788589,0.02,-0.010309278350515804,echo,0.09693877551020408,0.00016436441982856537,0.009878795394990638,0.012834627222962414,38,344,0.09947643979057591,0.02
107,0.38687074748105,0.004518133245446045,0.02,-0.010309278350515804,echo,0.09693877551020408,0.00015892032119638918,0.009877048608559102,0.012824678277317703,38,344,0.09947643979057591,0.02
108,0.38686968280527034,0.0045181408835441375,0.02,-0.010309278350515804,echo,0.09693877551020408,0.00015362819401846425,0.009875233612683288,0.012815107461330466,38,344,0.09947643979057591,0.02
109,0.3868689585083834,0.004518144882314921,0.02,-0.010309278350515804,echo,0.09693877551020408,0.00014817650309681846,0.009873773442726762,0.012805710801303438,38,344,0.09947643979057591,0.02
110,0.38686831268422833,0.0045181484777345494,0.02,-0.010309278350515804,echo,0.09693877551020408,0.0001436186863758746,0.00987220089051855,0.012796819156032924,38,344,0.09947643979057591,0.02
111,0.38686754027811865,0.004518153587345072,0.02,-0.010309278350515804,echo,0.09693877551020408,0.00013855752039537998,0.009870638526076203,0.012787747068605193,38,344,0.09947643979057591,0.02
112,0.38686650842210596,0.004518161936699338,0.02,-0.010309278350515804,echo,0.09693877551020408,0.00013371506991015578,0.009869175747305527,0.012779670671357213,38,344,0.09947643979057591,0.02
113,0.3868655228520915,0.004518170130451067,0.02,-0.010309278350515804,echo,0.09693877551020408,0.00012930664985185517,0.009867788278592356,0.012771922271889391,38,344,0.09947643979057591,0.02
114,0.3868646900102168,0.004518176812749023,0.02,-0.010309278350515804,echo,0.09693877551020408,0.00012471755845213766,0.009866316668712615,0.012764490657730665,38,344,0.09947643979057591,0.02
115,0.38686384188596684,0.004518183665873421,0.02,-0.010309278350515804,echo,0.09693877551020408,0.0001207424346713381,0.009865000698540932,0.012756615252599024,38,344,0.09947643979057591,0.02
116,0.3868630773014279,0.0045181897899906715,0.02,-0.010309278350515804,echo,0.09693877551020408,0.00011729065735707025,0.009863630862400533,0.012748922385215467,38,344,0.09947643979057591,0.02
117,0.3868624524940906,0.0045181945111644325,0.02,-0.010309278350515804,echo,0.09693877551020408,0.00011328167278479295,0.009862410142475278,0.012741458252755744,38,344,0.09947643979057591,0.02
118,0.38686188495260515,0.0045181986908344966,0.02,-0.010309278350515804,echo,0.09693877551020408,0.00010929087995684297,0.009861339700436088,0.01273435154499708,38,344,0.09947643979057591,0.02
119,0.3868613392001603,0.004518202806723615,0.02,-0.010309278350515804,echo,0.09693877551020408,0.00010540227519034424,0.009860228512612649,0.012727602940047322,38,344,0.09947643979057591,0.02
120,0.38686084930489223,0.004518206407795819,0.02,-0.010309278350515804,echo,0.09693877551020408,0.00010230897795208606,0.009859048674676218,0.012720854626269817,38,344,0.09947643979057591,0.02
121,0.38686025680125274,0.00451821130211699,0.02,-0.010309278350515804,echo,0.09693877551020408,9.883595669500571e-05,0.009857880473394219,0.012714355660284393,38,344,0.09947643979057591,0.02
122,0.3868594678984042,0.0045182185961249845,0.02,-0.010309278350515804,echo,0.09693877551020408,9.549035799550967e-05,0.00985691463035628,0.012708325396570574,38,344,0.09947643979057591,0.02
123,0.3868588546098686,0.004518223986370817,0.02,-0.010309278350515804,echo,0.09693877551020408,9.209308601438344e-05,0.009855918388377611,0.0127024406722972,38,344,0.09947643979057591,0.02
124,0.38685848446034865,0.004518226691854289,0.02,-0.010309278350515804,echo,0.09693877551020408,8.904707924280237e-05,0.009854849387787828,0.012696534265692283,38,344,0.09947643979057591,0.02
125,0.38685806162793684,0.004518230134798935,0.02,-0.010309278350515804,echo,0.09693877551020408,8.588095170470644e-05,0.00985400971972716,0.012690761614209844,38,344,0.09947643979057591,0.02
126,0.3868576361237775,0.0045182336537591145,0.02,-0.010309278350515804,echo,0.09693877551020408,8.329463662223138e-05,0.009852994322828485,0.012685198699072753,38,344,0.09947643979057591,0.02
127,0.386857184606892,0.004518237573843909,0.02,-0.010309278350515804,echo,0.09693877551020408,8.079310074905828e-05,0.009852145481061607,0.012679742155608964,38,344,0.09947643979057591,0.02
128,0.3868568042387166,0.004518240779620351,0.02,-0.010309278350515804,echo,0.09693877551020408,7.771693546960197e-05,0.009851310596704538,0.012674376886742222,38,344,0.09947643979057591,0.02
129,0.3868563384802859,0.004518245055096424,0.02,-0.010309278350515804,echo,0.09693877551020408,7.515307301198566e-05,0.00985048195623001,0.012669489858307348,38,344,0.09947643979057591,0.02
130,0.38685597648337117,0.004518248176165806,0.02,-0.010309278350515804,echo,0.09693877551020408,7.289376563343462e-05,0.00984974269402384,0.012664545914321201,38,344,0.09947643979057591,0.02
131,0.38685545819312867,0.0045182532169529095,0.02,-0.010309278350515804,echo,0.09693877551020408,7.04012566988295e-05,0.009848837403474331,0.01266015640211976,38,344,0.09947643979057591,0.02
132,0.38685504056536013,0.004518257129406153,0.02,-0.010309278350515804,echo,0.09693877551020408,6.838188246560391e-05,0.009848219929189557,0.012655656713643937,38,344,0.09947643979057591,0.02
133,0.38685472911823404,0.0045182598709175995,0.02,-0.010309278350515804,echo,0.09693877551020408,6.587971363334801e-05,0.00984747953744761,0.012651123938384523,38,344,0.09947643979057591,0.02
134,0.3868543632502586,0.004518263309892917,0.02,-0.010309278350515804,echo,0.09693877551020408,6.386347658518678e-05,0.009846723331941374,0.012646831104161038,38,344,0.09947643979057591,0.02
135,0.3868540791524928,0.0045182658547128695,0.02,-0.010309278350515804,echo,0.09693877551020408,6.174155325553607e-05,0.009846001320540598,0.012642727232265949,38,344,0.09947643979057591,0.02
136,0.3868537303104585,0.00451826917644676,0.02,-0.010309278350515804,echo,0.09693877551020408,5.9558276425938185e-05,0.009845401139456452,0.012638573059459146,38,344,0.09947643979057591,0.02
137,0.3868534647569988,0.004518271622544843,0.02,-0.010309278350515804,echo,0.09693877551020408,5.759372775286288e-05,0.009844734025886438,0.012634719015290785,38,344,0.09947643979057591,0.02
138,0.3868532227930686,0.004518273812642039,0.02,-0.010309278350515804,echo,0.09693877551020408,5.560637018208426e-05,0.009844084411937952,0.012630972856915057,38,344,0.09947643979057591,0.02
139,0.386852878942105,0.0045182772103865695,0.02,-0.010309278350515804,echo,0.09693877551020408,5.3877970449881695e-05,0.00984345538234081,0.012627382913861063,38,344,0.09947643979057591,0.02
140,0.38685259496812674,0.004518279954035542,0.02,-0.010309278350515804,echo,0.09693877551020408,5.1975151780599214e-05,0.009842928219338415,0.012623860191779634,38,344,0.09947643979057591,0.02
141,0.3868523870461067,0.0045182818785582095,0.02,-0.010309278350515804,echo,0.09693877551020408,5.021825545007583e-05,0.009842389044241298,0.012620373544821983,38,344,0.09947643979057591,0.02
142,0.38685212549453746,0.004518284433569517,0.02,-0.010309278350515804,echo,0.09693877551020408,4.864017887682017e-05,0.009841860536905302,0.012616998448169381,38,344,0.09947643979057591,0.02
143,0.3868518634756832,0.00451828703945835,0.02,-0.010309278350515804,echo,0.09693877551020408,4.692707854534637e-05,0.009841265590682952,0.012613756491514028,38,344,0.09947643979057591,0.02
144,0.38685156573304125,0.004518290071711476,0.02,-0.010309278350515804,echo,0.09693877551020408,4.541098355273352e-05,0.00984078079048981,0.012610654809555477,38,344,0.09947643979057591,0.02
145,0.3868513174073904,0.004518292555302981,0.02,-0.010309278350515804,echo,0.09693877551020408,4.3950374865299823e-05,0.009840310050092393,0.012607582666647743,38,344,0.09947643979057591,0.02
146,0.38685107696274373,0.004518294983450143,0.02,-0.010309278350515804,echo,0.09693877551020408,4.236432557469235e-05,0.009839828956014672,0.012604642780893793,38,344,0.09947643979057591,0.02
147,0.3868508850500351,0.004518296883453362,0.02,-0.010309278350515804,echo,0.09693877551020408,4.110481511623123e-05,0.009839399563176011,0.012601722736347964,38,344,0.09947643979057591,0.02
148,0.3868506985075729,0.004518298722349491,0.02,-0.010309278350515804,echo,0.09693877551020408,3.966147912188037e-05,0.009838954349363075,0.01259897375174135,38,344,0.09947643979057591,0.02
149,0.3868504948328011,0.004518300782115224,0.02,-0.010309278350515804,echo,0.09693877551020408,3.841358998777823e-05,0.009838522146598958,0.01259621336384159,38,344,0.09947643979057591,0.02
150,0.38685030758288336,0.004518302675740747,0.02,-0.010309278350515804,echo,0.09693877551020408,3.689580262885689e-05,0.009838116886746946,0.012593543613579339,38,344,0.09947643979057591,0.02
151,0.38685016551957174,0.004518304070219083,0.02,-0.010309278350515804,echo,0.09693877551020408,3.5559003755292196e-05,0.0098377211258585,0.012591016373703356,38,344,0.09947643979057591,0.02
152,0.386849966771975,0.004518306122298432,0.02,-0.010309278350515804,echo,0.09693877551020408,3.445569902992215e-05,0.009837348029446708,0.01258852522530085,38,344,0.09947643979057591,0.02
153,0.3868498354602703,0.004518307427025175,0.02,-0.010309278350515804,echo,0.09693877551020408,3.329877366939495e-05,0.009836972629656722,0.0125861655132109,38,344,0.09947643979057591,0.02
154,0.3868496753097631,0.00451830907569852,0.02,-0.010309278350515804,echo,0.09693877551020408,3.2300550467852316e-05,0.009836593003247907,0.012583860550793746,38,344,0.09947643979057591,0.02
155,0.3868495238567349,0.004518310634173946,0.02,-0.010309278350515804,echo,0.09693877551020408,3.104838496138284e-05,0.009836238357805612,0.012581610399658716,38,344,0.09947643979057591,0.02
156,0.38684930672095824,0.004518312962836483,0.02,-0.010309278350515804,echo,0.09693877551020408,3.007787533847976e-05,0.009835894041864435,0.012579536288723825,38,344,0.09947643979057591,0.02
157,0.38684916350584103,0.004518314448303248,0.02,-0.010309278350515804,echo,0.09693877551020408,2.908937212250209e-05,0.009835556937309009,0.012577465686897549,38,344,0.09947643979057591,0.02
158,0.3868489725618346,0.004518316500446676,0.02,-0.010309278350515804,echo,0.09693877551020408,2.8082549678343227e-05,0.009835227336681053,0.012575525523473019,38,344,0.09947643979057591,0.02
159,0.386848774781608,0.004518318640806982,0.02,-0.010309278350515804,echo,0.09693877551020408,2.7106891027747625e-05,0.00983488903784013,0.012573622700968401,38,344,0.09947643979057591,0.02
160,0.38684855417407493,0.004518321057738563,0.02,-0.010309278350515804,echo,0.09693877551020408,2.6259492493235488e-05,0.009834611520916919,0.012571789843055847,38,344,0.09947643979057591,0.02
161,0.38684838525885273,0.004518322885209506,0.02,-0.010309278350515804,echo,0.09693877551020408,2.5466004088405358e-05,0.00983430364023212,0.012569984766827358,38,344,0.09947643979057591,0.02
162,0.38684825171800463,0.00451832431387766,0.02,-0.010309278350515804,echo,0.09693877551020408,2.4526578415249767e-05,0.009834050739550834,0.012568244448637522,38,344,0.09947643979057591,0.02
163,0.38684811445638845,0.004518325785288513,0.02,-0.010309278350515804,echo,0.09693877551020408,2.3689617741541385e-05,0.009833789052291706,0.012566468695182131,38,344,0.09947643979057591,0.02
164,0.38684800451458856,0.004518326955903069,0.02,-0.010309278350515804,echo,0.09693877551020408,2.298208376850855e-05,0.009833533040413827,0.012564779850852859,38,344,0.09947643979057591,0.02
165,0.38684787440590024,0.004518328360339265,0.02,-0.010309278350515804,echo,0.09693877551020408,2.2287401437556664e-05,0.009833271086178309,0.01256308734803907,38,344,0.09947643979057591,0.02
166,0.386847758342676,0.0045183296102716325,0.02,-0.010309278350515804,echo,0.09693877551020408,2.1515899633202457e-05,0.009833043316184592,0.012561505829945918,38,344,0.09947643979057591,0.02
167,0.3868476154983639,0.00451833117623534,0.02,-0.010309278350515804,echo,0.09693877551020408,2.0824566291257735e-05,0.009832789860949117,0.012560006078312203,38,344,0.09947643979057591,0.02
168,0.38684753588761717,0.004518332015722899,0.02,-0.010309278350515804,echo,0.09693877551020408,2.0197294411114946e-05,0.009832549692795137,0.012558467344469637,38,344,0.09947643979057591,0.02
169,0.38684743219399,0.00451833314058429,0.02,-0.010309278350515804,echo,0.09693877551020408,1.945409928426564e-05,0.009832345012967559,0.012556983308060377,38,344,0.09947643979057591,0.02
170,0.3868473325118385,0.004518334220950014,0.02,-0.010309278350515804,echo,0.09693877551020408,1.8749289891802735e-05,0.009832142345337469,0.01255552791135961,38,344,0.09947643979057591,0.02
171,0.3868472347782926,0.004518335285415957,0.02,-0.010309278350515804,echo,0.09693877551020408,1.8187048690931323e-05,0.009831936168790155,0.012554185319899991,38,344,0.09947643979057591,0.02
172,0.38684711180847664,0.004518336645977744,0.02,-0.010309278350515804,echo,0.09693877551020408,1.7502229731268744e-05,0.009831712050155919,0.012552930884407065,38,344,0.09947643979057591,0.02
173,0.3868469919441562,0.004518337975155724,0.02,-0.010309278350515804,echo,0.09693877551020408,1.6944538024836403e-05,0.009831521306136896,0.012551695292977672,38,344,0.09947643979057591,0.02
174,0.38684691222752277,0.004518338843678928,0.02,-0.010309278350515804,echo,0.09693877551020408,1.6403053180148513e-05,0.009831328875754042,0.012550439282818293,38,344,0.09947643979057591,0.02
175,0.3868468181479557,0.0045183398821110315,0.02,-0.010309278350515804,echo,0.09693877551020408,1.589356338933885e-05,0.009831151812267864,0.01254930338474114,38,344,0.09947643979057591,0.02
176,0.3868467358860858,0.004518340788992412,0.02,-0.010309278350515804,echo,0.09693877551020408,1.5372842173388384e-05,0.009830991367530555,0.01254816959154309,38,344,0.09947643979057591,0.02
177,0.38684665194399864,0.00451834171371349,0.02,-0.010309278350515804,echo,0.09693877551020408,1.4839507628138763e-05,0.00983081171526849,0.012546995402036354,38,344,0.09947643979057591,0.02
178,0.38684654903017063,0.004518342863422133,0.02,-0.010309278350515804,echo,0.09693877551020408,1.4374512189555135e-05,0.00983062687042228,0.01254591976705266,38,344,0.09947643979057591,0.02
179,0.38684647575273345,0.004518343673132461,0.02,-0.010309278350515804,echo,0.09693877551020408,1.3907395918859239e-05,0.00983048643091145,0.012544857746053961,38,344,0.09947643979057591,0.02
180,0.3868463847002161,0.004518344689653532,0.02,-0.010309278350515804,echo,0.09693877551020408,1.343860046252193e-05,0.009830331406086098,0.01254381469906296,38,344,0.09947643979057591,0.02
181,0.38684632072034697,0.004518345395495672,0.02,-0.010309278350515804,echo,0.09693877551020408,1.2982713291058362e-05,0.009830180571146705,0.012542796447537086,38,344,0.09947643979057591,0.02
182,0.3868462567561076,0.004518346103998255,0.02,-0.010309278350515804,echo,0.09693877551020408,1.2565379774094682e-05,0.009830028555725494,0.0125418186126931,38,344,0.09947643979057591,0.02
183,0.38684619487547345,0.004518346789635056,0.02,-0.010309278350515804,echo,0.09693877551020408,1.2146514079602877e-05,0.009829892140807785,0.012540858188067328,38,344,0.09947643979057591,0.02
184,0.38684613238375465,0.004518347485074941,0.02,-0.010309278350515804,echo,0.09693877551020408,1.1720786040585112e-05,0.009829763648852618,0.012539923444541412,38,344,0.09947643979057591,0.02
185,0.3868460902587667,0.004518347946711222,0.02,-0.010309278350515804,echo,0.09693877551020408,1.1299245565272497e-05,0.009829623797557542,0.012539035655202924,38,344,0.09947643979057591,0.02
186,0.38684602515292615,0.00451834867551743,0.02,-0.010309278350515804,echo,0.09693877551020408,1.0945227328035559e-05,0.009829503787474854,0.01253819467638223,38,344,0.09947643979057591,0.02
187,0.38684596586789916,0.004518349338675334,0.02,-0.010309278350515804,echo,0.09693877551020408,1.057313057974787e-05,0.00982938032188944,0.012537360264351094,38,344,0.09947643979057591,0.02
188,0.38684588634687955,0.004518350238000189,0.02,-0.010309278350515804,echo,0.09693877551020408,1.0231630997865965e-05,0.009829259010301928,0.012536611184665758,38,344,0.09947643979057591,0.02
189,0.3868458188917192,0.004518350998667856,0.02,-0.010309278350515804,echo,0.09693877551020408,9.931181521412971e-06,0.009829138308789807,0.01253584692943388,38,344,0.09947643979057591,0.02
190,0.3868457701392918,0.00451835154430606,0.02,-0.010309278350515804,echo,0.09693877551020408,9.631287696557808e-06,0.009829031151216056,0.012535090924845116,38,344,0.09947643979057591,0.02
191,0.38684572176508036,0.00451835208627874,0.02,-0.010309278350515804,echo,0.09693877551020408,9.279530871933597e-06,0.009828933658585275,0.012534360514571186,38,344,0.09947643979057591,0.02
192,0.3868456685800206,0.004518352686159185,0.02,-0.010309278350515804,echo,0.09693877551020408,8.952595546209507e-06,0.00982881850183783,0.012533684913770327,38,344,0.09947643979057591,0.02
193,0.3868456236896348,0.004518353189996001,0.02,-0.010309278350515804,echo,0.09693877551020408,8.71419865169774e-06,0.009828719519524107,0.012532979989532678,38,344,0.09947643979057591,0.02
194,0.3868455768042905,0.004518353718559482,0.02,-0.010309278350515804,echo,0.09693877551020408,8.392745781098037e-06,0.009828627485505673,0.012532328217955524,38,344,0.09947643979057591,0.02
195,0.3868455209778634,0.0045183543509140075,0.02,-0.010309278350515804,echo,0.09693877551020408,8.08245950603546e-06,0.009828526714951769,0.0125316716874605,38,344,0.09947643979057591,0.02
196,0.3868454853656808,0.004518354750610425,0.02,-0.010309278350515804,echo,0.09693877551020408,7.817434736098603e-06,0.009828444078807966,0.012531037356908747,38,344,0.09947643979057591,0.02
197,0.3868454418200208,0.004518355242893322,0.02,-0.010309278350515804,echo,0.09693877551020408,7.583745481581039e-06,0.009828358563582254,0.012530446700348696,38,344,0.09947643979057591,0.02
198,0.3868454177558903,0.004518355510549647,0.02,-0.010309278350515804,echo,0.09693877551020408,7.342733087863169e-06,0.009828268994362227,0.012529842017885262,38,344,0.09947643979057591,0.02
199,0.38684538923068407,0.004518355830431119,0.02,-0.010309278350515804,echo,0.09693877551020408,7.1379275792961635e-06,0.009828179934443187,0.012529265844276383,38,344,0.09947643979057591,0.02
200,0.38684534398581777,0.004518356344395037,0.02,-0.010309278350515804,echo,0.09693877551020408,6.90127616446332e-06,0.009828109416116818,0.012528710465154191,38,344,0.09947643979057591,0.02
201,0.38684530243398463,0.00451835681641086,0.02,-0.010309278350515804,echo,0.09693877551020408,6.663039177179364e-06,0.00982802214710844,0.012528192223065615,38,344,0.09947643979057591,0.02
202,0.38684526992898005,0.004518357184032329,0.02,-0.010309278350515804,echo,0.09693877551020408,6.4417807988557005e-06,0.009827949709546325,0.01252768380202307,38,344,0.09947643979057591,0.02
203,0.38684523332906573,0.00451835759959272,0.02,-0.010309278350515804,echo,0.09693877551020408,6.214091568704373e-06,0.00982787561910526,0.012527183850334356,38,344,0.09947643979057591,0.02
204,0.38684520265687744,0.004518357947134769,0.02,-0.010309278350515804,echo,0.09693877551020408,6.01709605096394e-06,0.009827810139203419,0.012526694183648157,38,344,0.09947643979057591,0.02
205,0.3868451767869403,0.004518358239610989,0.02,-0.010309278350515804,echo,0.09693877551020408,5.816984473997068e-06,0.0098277400226687,0.012526214316207485,38,344,0.09947643979057591,0.02
206,0.38684515247193124,0.004518358514746117,0.02,-0.010309278350515804,echo,0.09693877551020408,5.636881872065522e-06,0.009827668756225157,0.012525745317020609,38,344,0.09947643979057591,0.02
207,0.3868451353883384,0.004518358706463219,0.02,-0.010309278350515804,echo,0.09693877551020408,5.456671602647938e-06,0.009827606514623569,0.012525300095486691,38,344,0.09947643979057591,0.02
208,0.3868451065990793,0.004518359033977324,0.02,-0.010309278350515804,echo,0.09693877551020408,5.258787572804431e-06,0.009827544849165398,0.012524869416815743,38,344,0.09947643979057591,0.02
209,0.38684507164927256,0.004518359433274218,0.02,-0.010309278350515804,echo,0.09693877551020408,5.085567434647217e-06,0.00982748314566965,0.012524487374198312,38,344,0.09947643979057591,0.02
210,0.38684504606498193,0.0045183597245344355,0.02,-0.010309278350515804,echo,0.09693877551020408,4.9162808633657365e-06,0.009827418683141027,0.0125240805322821,38,344,0.09947643979057591,0.02
211,0.38684502120375547,0.0045183600076163484,0.02,-0.010309278350515804,echo,0.09693877551020408,4.745161142174609e-06,0.009827362312895585,0.012523694885386016,38,344,0.09947643979057591,0.02
212,0.3868449866311592,0.004518360403409783,0.02,-0.010309278350515804,echo,0.09693877551020408,4.604250632980901e-06,0.009827306237771687,0.01252333135823347,38,344,0.09947643979057591,0.02
213,0.38684496310023875,0.004518360671636677,0.02,-0.010309278350515804,echo,0.09693877551020408,4.440194921836274e-06,0.009827260310760231,0.012522959851456572,38,344,0.09947643979057591,0.02
214,0.3868449419785853,0.0045183609123981335,0.02,-0.010309278350515804,echo,0.09693877551020408,4.2928269450760505e-06,0.009827213081310418,0.01252260047182463,38,344,0.09947643979057591,0.02
215,0.38684491826535267,0.0045183611832547745,0.02,-0.010309278350515804,echo,0.09693877551020408,4.129610806550452e-06,0.009827162990827573,0.012522254906572161,38,344,0.09947643979057591,0.02
216,0.38684489736096034,0.00451836142191986,0.02,-0.010309278350515804,echo,0.09693877551020408,4.001037144923654e-06,0.009827111694385184,0.012521919787471414,38,344,0.09947643979057591,0.02
217,0.3868448755522648,0.004518361671195142,0.02,-0.010309278350515804,echo,0.09693877551020408,3.863629280757768e-06,0.009827066116181345,0.012521600494161622,38,344,0.09947643979057591,0.02
218,0.38684484764375654,0.004518361991347875,0.02,-0.010309278350515804,echo,0.09693877551020408,3.728260342085235e-06,0.009827020789095222,0.012521299159923727,38,344,0.09947643979057591,0.02
219,0.3868448246856293,0.004518362254360064,0.02,-0.010309278350515804,echo,0.09693877551020408,3.6334764437674417e-06,0.00982697766628082,0.01252100310932186,38,344,0.09947643979057591,0.02
220,0.38684480202510196,0.004518362514114726,0.02,-0.010309278350515804,echo,0.09693877551020408,3.529273325849449e-06,0.009826932862622095,0.01252071630443613,38,344,0.09947643979057591,0.02
221,0.3868447836198456,0.0045183627247051975,0.02,-0.010309278350515804,echo,0.09693877551020408,3.410023770589772e-06,0.0098268953880867,0.012520428626754954,38,344,0.09947643979057591,0.02
222,0.3868447677771062,0.004518362905808796,0.02,-0.010309278350515804,echo,0.09693877551020408,3.298794900831824e-06,0.00982685550478384,0.012520145253055115,38,344,0.09947643979057591,0.02
223,0.3868447473054917,0.004518363140671739,0.02,-0.010309278350515804,echo,0.09693877551020408,3.17947531578024e-06,0.00982681632782855,0.012519876160898058,38,344,0.09947643979057591,0.02
224,0.3868447290434746,0.004518363350133917,0.02,-0.010309278350515804,echo,0.09693877551020408,3.0669313645662784e-06,0.009826781704766174,0.012519620941546628,38,344,0.09947643979057591,0.02
225,0.38684471873256365,0.0045183634676304206,0.02,-0.010309278350515804,echo,0.09693877551020408,2.971546156173653e-06,0.009826744952442432,0.012519367898626066,38,344,0.09947643979057591,0.02
226,0.3868447056547306,0.004518363617255566,0.02,-0.010309278350515804,echo,0.09693877551020408,2.8611106723223847e-06,0.009826711035468701,0.01251912757033602,38,344,0.09947643979057591,0.02
227,0.38684469027261187,0.004518363793679727,0.02,-0.010309278350515804,echo,0.09693877551020408,2.767769963791566e-06,0.009826680078557951,0.012518891788758368,38,344,0.09947643979057591,0.02
228,0.3868446784738893,0.004518363928721998,0.02,-0.010309278350515804,echo,0.09693877551020408,2.6795624959762814e-06,0.009826647603323874,0.012518656686710594,38,344,0.09947643979057591,0.02
229,0.3868446635584117,0.004518364100033509,0.02,-0.010309278350515804,echo,0.09693877551020408,2.603329845932876e-06,0.009826613390571441,0.01251844253937262,38,344,0.09947643979057591,0.02
230,0.3868446446215092,0.00451836431791699,0.02,-0.010309278350515804,echo,0.09693877551020408,2.510366864406702e-06,0.009826583461640035,0.012518235460690808,38,344,0.09947643979057591,0.02
231,0.38684463309182265,0.004518364450128837,0.02,-0.010309278350515804,echo,0.09693877551020408,2.43796500427665e-06,0.009826556319942508,0.012518025500495966,38,344,0.09947643979057591,0.02
232,0.3868446213043857,0.0045183645854412315,0.02,-0.010309278350515804,echo,0.09693877551020408,2.3482562691695977e-06,0.009826525589658037,0.012517824263830801,38,344,0.09947643979057591,0.02
233,0.38684460832851697,0.004518364734530155,0.02,-0.010309278350515804,echo,0.09693877551020408,2.275495560644103e-06,0.00982650168780964,0.01251762415836849,38,344,0.09947643979057591,0.02
234,0.3868445972523836,0.004518364861738316,0.02,-0.010309278350515804,echo,0.09693877551020408,2.2045240194796576e-06,0.009826474070913898,0.012517438018504579,38,344,0.09947643979057591,0.02
235,0.386844586459522,0.00451836498572015,0.02,-0.010309278350515804,echo,0.09693877551020408,2.1244409026837926e-06,0.009826448945569562,0.012517251981895905,38,344,0.09947643979057591,0.02
236,0.3868445729660292,0.004518365140992659,0.02,-0.010309278350515804,echo,0.09693877551020408,2.056578018310396e-06,0.009826421370309738,0.012517071703266158,38,344,0.09947643979057591,0.02
237,0.3868445624706751,0.004518365261634196,0.02,-0.010309278350515804,echo,0.09693877551020408,1.983493970604909e-06,0.009826398721739025,0.01251689623695823,38,344,0.09947643979057591,0.02
238,0.3868445522679873,0.004518365378952124,0.02,-0.010309278350515804,echo,0.09693877551020408,1.9230178882524486e-06,0.009826376495213118,0.012516726071261974,38,344,0.09947643979057591,0.02
239,0.38684454369723703,0.004518365477431762,0.02,-0.010309278350515804,echo,0.09693877551020408,1.8628297746394857e-06,0.009826354738774143,0.012516559678613981,38,344,0.09947643979057591,0.02
240,0.3868445345963793,0.004518365582097941,0.02,-0.010309278350515804,echo,0.09693877551020408,1.8016364743587026e-06,0.009826332793558271,0.012516400461881738,38,344,0.09947643979057591,0.02
241,0.3868445262003382,0.004518365678637427,0.02,-0.010309278350515804,echo,0.09693877551020408,1.7451797512697893e-06,0.00982631046064952,0.012516246338932224,38,344,0.09947643979057591,0.02
242,0.38684451905374045,0.004518365760767603,0.02,-0.010309278350515804,echo,0.09693877551020408,1.6945768663436199e-06,0.00982629072555675,0.012516097186013098,38,344,0.09947643979057591,0.02
243,0.38684450715407,0.0045183658979404675,0.02,-0.010309278350515804,echo,0.09693877551020408,1.6366958136939786e-06,0.00982626840606997,0.012515960743109067,38,344,0.09947643979057591,0.02
244,0.38684449671304,0.004518366018296419,0.02,-0.010309278350515804,echo,0.09693877551020408,1.5766275697741344e-06,0.00982624863579705,0.012515832331773225,38,344,0.09947643979057591,0.02
245,0.3868444873789769,0.0045183661258450455,0.02,-0.010309278350515804,echo,0.09693877551020408,1.5207982518276802e-06,0.009826231310348297,0.012515701711980576,38,344,0.09947643979057591,0.02
246,0.386844482562494,0.004518366181133966,0.02,-0.010309278350515804,echo,0.09693877551020408,1.4689952052034178e-06,0.009826215869241133,0.012515574597400048,38,344,0.09947643979057591,0.02
247,0.3868444773377788,0.004518366241178976,0.02,-0.010309278350515804,echo,0.09693877551020408,1.4171683697865822e-06,0.009826197376547564,0.012515448963464793,38,344,0.09947643979057591,0.02
248,0.3868444721160846,0.004518366301213822,0.02,-0.010309278350515804,echo,0.09693877551020408,1.3790158840252721e-06,0.009826180409952168,0.012515325484410589,38,344,0.09947643979057591,0.02
249,0.38684446591970434,0.0045183663725606865,0.02,-0.010309278350515804,echo,0.09693877551020408,1.3357098405722558e-06,0.009826163644717365,0.012515209844907393,38,344,0.09947643979057591,0.02
250,0.38684445971802617,0.004518366443995757,0.02,-0.010309278350515804,echo,0.09693877551020408,1.2887740078752107e-06,0.009826147692124644,0.012515092895775792,38,344,0.09947643979057591,0.02
251,0.38684445249539073,0.004518366527267243,0.02,-0.010309278350515804,echo,0.09693877551020408,1.2476592480971747e-06,0.009826133208705972,0.012514981115921142,38,344,0.09947643979057591,0.02
252,0.38684444637492577,0.004518366597801696,0.02,-0.010309278350515804,echo,0.09693877551020408,1.2034905430324233e-06,0.00982611780031956,0.012514872919344167,38,344,0.09947643979057591,0.02
253,0.38684444080242675,0.004518366662009393,0.02,-0.010309278350515804,echo,0.09693877551020408,1.1626788325155114e-06,0.009826104172748068,0.01251476797299017,38,344,0.09947643979057591,0.02
254,0.38684443517735395,0.00451836672684536,0.02,-0.010309278350515804,echo,0.09693877551020408,1.1212427957324758e-06,0.009826091233138701,0.012514665214658438,38,344,0.09947643979057591,0.02
255,0.38684443125451007,0.004518366772002582,0.02,-0.010309278350515804,echo,0.09693877551020408,1.082463458140489e-06,0.009826077480819512,0.012514569391651242,38,344,0.09947643979057591,0.02
256,0.3868444260446683,0.004518366832069401,0.02,-0.010309278350515804,echo,0.09693877551020408,1.0480215272629978e-06,0.009826063779359663,0.012514473801662263,38,344,0.09947643979057591,0.02
257,0.38684442014530135,0.004518366900130601,0.02,-0.010309278350515804,echo,0.09693877551020408,1.0126441278933637e-06,0.009826051168588692,0.012514382155388137,38,344,0.09947643979057591,0.02
258,0.38684441669157654,0.004518366939899556,0.02,-0.010309278350515804,echo,0.09693877551020408,9.796423681970136e-07,0.009826039071391441,0.012514291202550543,38,344,0.09947643979057591,0.02
259,0.38684441158881555,0.004518366998770383,0.02,-0.010309278350515804,echo,0.09693877551020408,9.481610573142995e-07,0.009826027042031575,0.012514206391417981,38,344,0.09947643979057591,0.02
260,0.386844407120897,0.004518367050305171,0.02,-0.010309278350515804,echo,0.09693877551020408,9.199457546878249e-07,0.009826015423054758,0.012514122270339878,38,344,0.09947643979057591,0.02
261,0.3868444029071162,0.004518367098914625,0.02,-0.010309278350515804,echo,0.09693877551020408,8.896917691488055e-07,0.009826004030334299,0.012514041828769362,38,344,0.09947643979057591,0.02
262,0.38684439795106074,0.004518367156127246,0.02,-0.010309278350515804,echo,0.09693877551020408,8.562091602674246e-07,0.00982599217792823,0.012513968754491123,38,344,0.09947643979057591,0.02
263,0.3868443933214717,0.004518367209564091,0.02,-0.010309278350515804,echo,0.09693877551020408,8.274344838831101e-07,0.009825982950775199,0.012513892754688505,38,344,0.09947643979057591,0.02
264,0.38684439011118743,0.004518367246585436,0.02,-0.010309278350515804,echo,0.09693877551020408,8.026613958898499e-07,0.009825972598118024,0.012513820725293057,38,344,0.09947643979057591,0.02
265,0.38684438599523546,0.004518367294099548,0.02,-0.010309278350515804,echo,0.09693877551020408,7.764939498903398e-07,0.00982596425262366,0.012513750320233552,38,344,0.09947643979057591,0.02
266,0.38684438189788817,0.0045183673414059145,0.02,-0.010309278350515804,echo,0.09693877551020408,7.480170587732304e-07,0.009825955285254684,0.01251368140368242,38,344,0.09947643979057591,0.02
267,0.38684437710782676,0.004518367396739699,0.02,-0.010309278350515804,echo,0.09693877551020408,7.217605240285673e-07,0.009825945672607507,0.012513618476413857,38,344,0.09947643979057591,0.02
268,0.3868443731124623,0.004518367442882532,0.02,-0.010309278350515804,echo,0.09693877551020408,6.980728730445868e-07,0.009825936656330657,0.012513556276230908,38,344,0.09947643979057591,0.02
269,0.38684437018209133,0.004518367476699986,0.02,-0.010309278350515804,echo,0.09693877551020408,6.794122601300482e-07,0.009825929127915758,0.012513493502272821,38,344,0.09947643979057591,0.02
270,0.38684436744648026,0.004518367508270237,0.02,-0.010309278350515804,echo,0.09693877551020408,6.58857606931249e-07,0.009825921266474072,0.012513433794016982,38,344,0.09947643979057591,0.02
271,0.38684436520522003,0.004518367534127847,0.02,-0.010309278350515804,echo,0.09693877551020408,6.368230952043325e-07,0.009825913572832946,0.012513374381262932,38,344,0.09947643979057591,0.02
272,0.3868443626029935,0.004518367564167935,0.02,-0.010309278350515804,echo,0.09693877551020408,6.160317751235349e-07,0.009825905587285634,0.012513317650584277,38,344,0.09947643979057591,0.02
273,0.38684435899204245,0.004518367605887187,0.02,-0.010309278350515804,echo,0.09693877551020408,5.960907425761023e-07,0.009825897819568828,0.012513263760965176,38,344,0.09947643979057591,0.02
274,0.3868443555920804,0.004518367645170703,0.02,-0.010309278350515804,echo,0.09693877551020408,5.768427320222629e-07,0.009825890686985538,0.012513212334317125,38,344,0.09947643979057591,0.02
275,0.3868443521536471,0.004518367684904536,0.02,-0.010309278350515804,echo,0.09693877551020408,5.59021315054376e-07,0.009825883681228748,0.012513161314976817,38,344,0.09947643979057591,0.02
276,0.3868443501409489,0.0045183677081409085,0.02,-0.010309278350515804,echo,0.09693877551020408,5.397770035679048e-07,0.009825876721173216,0.012513111882991257,38,344,0.09947643979057591,0.02
277,0.3868443472967785,0.0045183677410037945,0.02,-0.010309278350515804,echo,0.09693877551020408,5.21270270395648e-07,0.00982587027779772,0.012513064364124304,38,344,0.09947643979057591,0.02
278,0.386844345112727,0.004518367766229608,0.02,-0.010309278350515804,echo,0.09693877551020408,5.061921038732773e-07,0.009825864339457993,0.01251301820466455,38,344,0.09947643979057591,0.02
279,0.38684434277969953,0.004518367793182252,0.02,-0.010309278350515804,echo,0.09693877551020408,4.909211213538197e-07,0.0098258582094641,0.012512972248621246,38,344,0.09947643979057591,0.02
280,0.3868443405919812,0.0045183678184555,0.02,-0.010309278350515804,echo,0.09693877551020408,4.742265866926989e-07,0.00982585287116983,0.012512926435552019,38,344,0.09947643979057591,0.02
281,0.38684433846783794,0.004518367842997005,0.02,-0.010309278350515804,echo,0.09693877551020408,4.561128900886458e-07,0.009825846876977472,0.012512883555877319,38,344,0.09947643979057591,0.02
282,0.3868443366856749,0.004518367863584245,0.02,-0.010309278350515804,echo,0.09693877551020408,4.431566166222738e-07,0.009825841547355284,0.012512842453202833,38,344,0.09947643979057591,0.02
283,0.3868443344250511,0.00451836788971064,0.02,-0.010309278350515804,echo,0.09693877551020408,4.2770795512017826e-07,0.00982583568971345,0.012512802686405311,38,344,0.09947643979057591,0.02
284,0.38684433194585766,0.004518367918370546,0.02,-0.010309278350515804,echo,0.09693877551020408,4.126071854679135e-07,0.009825830594603851,0.012512763735400834,38,344,0.09947643979057591,0.02
285,0.3868443294841621,0.004518367946831765,0.02,-0.010309278350515804,echo,0.09693877551020408,3.973797697419036e-07,0.009825825181850913,0.012512728469288414,38,344,0.09947643979057591,0.02
286,0.38684432717542655,0.004518367973523187,0.02,-0.010309278350515804,echo,0.09693877551020408,3.8538469256768185e-07,0.009825820735694005,0.012512693489395765,38,344,0.09947643979057591,0.02
287,0.38684432550403175,0.004518367992838847,0.02,-0.010309278350515804,echo,0.09693877551020408,3.745249548533327e-07,0.009825815607464714,0.012512657265265903,38,344,0.09947643979057591,0.02
288,0.38684432382787404,0.004518368012212307,0.02,-0.010309278350515804,echo,0.09693877551020408,3.614072738154418e-07,0.009825810979352265,0.012512622661250805,38,344,0.09947643979057591,0.02
289,0.38684432187403317,0.004518368034801322,0.02,-0.010309278350515804,echo,0.09693877551020408,3.48673699632061e-07,0.009825807111748115,0.01251258910077141,38,344,0.09947643979057591,0.02
290,0.38684432010358377,0.004518368055268837,0.02,-0.010309278350515804,echo,0.09693877551020408,3.368635222200071e-07,0.009825803317018865,0.012512556433396271,38,344,0.09947643979057591,0.02
291,0.3868443187396142,0.004518368071033805,0.02,-0.010309278350515804,echo,0.09693877551020408,3.2684252087548866e-07,0.009825799049701956,0.012512526252666356,38,344,0.09947643979057591,0.02
292,0.38684431731309643,0.00451836808752368,0.02,-0.010309278350515804,echo,0.09693877551020408,3.153386730187239e-07,0.009825795063357715,0.012512495911257915,38,344,0.09947643979057591,0.02
293,0.3868443154660395,0.004518368108883438,0.02,-0.010309278350515804,echo,0.09693877551020408,3.052537618494047e-07,0.009825790675310454,0.01251246763313485,38,344,0.09947643979057591,0.02
294,0.38684431396799906,0.0045183681262043,0.02,-0.010309278350515804,echo,0.09693877551020408,2.958975917592626e-07,0.009825787167414689,0.012512439264580344,38,344,0.09947643979057591,0.02
295,0.3868443124701683,0.00451836814352358,0.02,-0.010309278350515804,echo,0.09693877551020408,2.8480105358847695e-07,0.009825783666955986,0.012512412011563778,38,344,0.09947643979057591,0.02
296,0.38684431125347435,0.004518368157590548,0.02,-0.010309278350515804,echo,0.09693877551020408,2.769245864608331e-07,0.009825780276470455,0.012512385601879006,38,344,0.09947643979057591,0.02
297,0.3868443094382764,0.004518368178586132,0.02,-0.010309278350515804,echo,0.09693877551020408,2.685976968648602e-07,0.009825776280305787,0.012512360954684054,38,344,0.09947643979057591,0.02
298,0.386844307791367,0.004518368197634973,0.02,-0.010309278350515804,echo,0.09693877551020408,2.59414812999269e-07,0.00982577286625606,0.012512337023145526,38,344,0.09947643979057591,0.02
299,0.3868443059149914,0.004518368219340373,0.02,-0.010309278350515804,echo,0.09693877551020408,2.500501372509608e-07,0.009825769855177547,0.012512314154358883,38,344,0.09947643979057591,0.02
300,0.3868443050134605,0.004518368229763254,0.02,-0.010309278350515804,echo,0.09693877551020408,2.4161203756122236e-07,0.009825767054773839,0.012512291578641865,38,344,0.09947643979057591,0.02
